ka_pop,1,0.0263508,-0.00221536,-0.0108716,0.00244104,0.00545241,0.00317989
V_pop,0.0263508,1,-0.00199967,-0.012131,-0.0063975,0.00624112,0.0096103
Cl_pop,-0.00221536,-0.00199967,1,0.00270277,-0.00148631,-0.00799725,0.00261407
omega_ka,-0.0108716,-0.012131,0.00270277,1,0.00575516,-0.00133599,-0.0099621
omega_V,0.00244104,-0.0063975,-0.00148631,0.00575516,1,0.000526408,-0.0267313
omega_Cl,0.00545241,0.00624112,-0.00799725,-0.00133599,0.000526408,1,-0.00316385
b,0.00317989,0.0096103,0.00261407,-0.0099621,-0.0267313,-0.00316385,1
