ka_pop,0.00143314,2.89914e-05,-3.96089e-06,-1.86377e-06,9.70322e-06,-2.52758e-07
V_pop,2.89914e-05,2.70153e-05,-2.65435e-06,1.49484e-06,9.57751e-06,7.82877e-08
Cl_pop,-3.96089e-06,-2.65435e-06,0.00194585,-2.22232e-07,-1.79288e-05,3.77651e-07
omega_ka,-1.86377e-06,1.49484e-06,-2.22232e-07,0.000699763,7.90249e-07,-5.16392e-08
omega_Cl,9.70322e-06,9.57751e-06,-1.79288e-05,7.90249e-07,0.00104749,-5.61446e-07
Cc_b,-2.52758e-07,7.82877e-08,3.77651e-07,-5.16392e-08,-5.61446e-07,2.34544e-06
