ka_pop,0.000928253,1.92849e-05,-2.93294e-06,-7.24295e-06,1.31143e-06,5.11113e-06,1.08806e-07
V_pop,1.92849e-05,0.00057701,-2.08726e-06,-6.37204e-06,-2.70982e-06,4.61263e-06,2.59261e-07
Cl_pop,-2.93294e-06,-2.08726e-06,0.00188822,2.56818e-06,-1.13887e-06,-1.06921e-05,1.27571e-07
omega_ka,-7.24295e-06,-6.37204e-06,2.56818e-06,0.000478168,2.21914e-06,-8.98853e-07,-2.44653e-07
omega_V,1.31143e-06,-2.70982e-06,-1.13887e-06,2.21914e-06,0.000310939,2.85598e-07,-5.29379e-07
omega_Cl,5.11113e-06,4.61263e-06,-1.06921e-05,-8.98853e-07,2.85598e-07,0.00094665,-1.09325e-07
b,1.08806e-07,2.59261e-07,1.27571e-07,-2.44653e-07,-5.29379e-07,-1.09325e-07,1.2613e-06
